             o  ,    o  ,                                    CERRO TELOLO                              Astronomical Applications Dept.
Location: W070 48, S30 10                             Nautical Twilight for 2000                       U. S. Naval Observatory        
                                                                                                       Washington, DC  20392-5420     
                                                            Universal Time                                                            
                                                                                                                                      
                                                                                                                                      
       Jan.       Feb.       Mar.       Apr.       May        June       July       Aug.       Sept.      Oct.       Nov.       Dec.  
Day Begin End  Begin End  Begin End  Begin End  Begin End  Begin End  Begin End  Begin End  Begin End  Begin End  Begin End  Begin End
     h m  h m   h m  h m   h m  h m   h m  h m   h m  h m   h m  h m   h m  h m   h m  h m   h m  h m   h m  h m   h m  h m   h m  h m
01  0844 0049  0914 0039  0941 0010  1002 2331  1019 2301  1036 2246  1044 2250  1035 2305  1006 2320  0929 2337  0853 0001  0834 0030
02  0845 0049  0915 0039  0942 0009  1003 2330  1020 2300  1036 2246  1044 2251  1034 2305  1005 2321  0928 2338  0852 0002  0834 0031
03  0846 0049  0916 0038  0943 0008  1004 2329  1020 2259  1037 2246  1044 2251  1033 2306  1004 2321  0926 2338  0851 0003  0834 0032
04  0847 0049  0917 0037  0944 0007  1004 2327  1021 2258  1037 2246  1044 2252  1033 2306  1003 2322  0925 2339  0850 0003  0834 0033
05  0847 0049  0918 0036  0944 0005  1005 2326  1022 2258  1037 2246  1044 2252  1032 2307  1002 2322  0924 2340  0849 0004  0834 0034
06  0848 0049  0919 0035  0945 0004  1005 2325  1022 2257  1038 2246  1044 2252  1031 2307  1000 2323  0923 2340  0848 0005  0834 0034
07  0849 0049  0920 0035  0946 0003  1006 2324  1023 2256  1038 2246  1044 2253  1030 2308  0959 2323  0921 2341  0847 0006  0834 0035
08  0850 0049  0921 0034  0947 0002  1007 2323  1023 2256  1039 2246  1044 2253  1030 2308  0958 2324  0920 2342  0846 0007  0834 0036
09  0851 0049  0922 0033  0947 0000  1007 2322  1024 2255  1039 2246  1044 2254  1029 2309  0957 2324  0919 2343  0845 0008  0834 0037
10  0852 0049  0923 0032  0948 2358  1008 2321  1024 2254  1039 2246  1043 2254  1028 2309  0956 2325  0917 2343  0845 0009  0834 0038
11  0853 0049  0924 0031  0949 2357  1008 2320  1025 2254  1040 2246  1043 2255  1027 2310  0954 2325  0916 2344  0844 0010  0834 0039
12  0854 0049  0925 0030  0950 2355  1009 2318  1025 2253  1040 2246  1043 2255  1026 2310  0953 2326  0915 2345  0843 0011  0835 0039
13  0855 0049  0926 0029  0950 2354  1009 2317  1026 2253  1041 2246  1043 2255  1025 2311  0952 2326  0914 2345  0842 0012  0835 0040
14  0856 0048  0927 0028  0951 2353  1010 2316  1027 2252  1041 2246  1043 2256  1025 2311  0951 2327  0913 2346  0842 0013  0835 0041
15  0857 0048  0928 0027  0952 2352  1010 2315  1027 2252  1041 2246  1042 2256  1024 2312  0949 2328  0911 2347  0841 0014  0835 0041
16  0858 0048  0929 0026  0952 2350  1011 2314  1028 2251  1041 2247  1042 2257  1023 2312  0948 2328  0910 2348  0840 0015  0836 0042
17  0859 0048  0930 0025  0953 2349  1012 2313  1028 2251  1042 2247  1042 2257  1022 2313  0947 2329  0909 2349  0840 0016  0836 0043
18  0900 0047  0931 0024  0954 2348  1012 2312  1029 2250  1042 2247  1041 2258  1021 2313  0946 2329  0908 2349  0839 0017  0836 0043
19  0901 0047  0932 0023  0954 2347  1013 2311  1029 2250  1042 2247  1041 2258  1020 2314  0944 2330  0907 2350  0839 0018  0837 0044
20  0902 0046  0933 0022  0955 2345  1013 2310  1030 2249  1042 2247  1041 2259  1019 2314  0943 2330  0905 2351  0838 0019  0837 0044
21  0903 0046  0934 0021  0956 2344  1014 2309  1030 2249  1043 2247  1040 2259  1018 2315  0942 2331  0904 2352  0838 0020  0838 0045
22  0904 0046  0935 0019  0956 2343  1014 2308  1031 2249  1043 2248  1040 2300  1017 2315  0940 2332  0903 2353  0837 0021  0838 0046
23  0905 0045  0935 0018  0957 2342  1015 2307  1031 2248  1043 2248  1039 2300  1016 2316  0939 2332  0902 2354  0837 0022  0839 0046
24  0906 0045  0936 0017  0958 2341  1015 2307  1032 2248  1043 2248  1039 2301  1015 2316  0938 2333  0901 2354  0836 0023  0839 0046
25  0907 0044  0937 0016  0958 2339  1016 2306  1032 2248  1043 2248  1038 2301  1014 2317  0937 2333  0900 2355  0836 0024  0840 0047
26  0908 0043  0938 0015  0959 2338  1017 2305  1033 2248  1044 2249  1038 2302  1013 2317  0935 2334  0859 2356  0836 0025  0840 0047
27  0909 0043  0939 0014  0959 2337  1017 2304  1033 2247  1044 2249  1037 2302  1012 2318  0934 2335  0858 2357  0835 0026  0841 0048
28  0910 0042  0940 0012  1000 2336  1018 2303  1034 2247  1044 2249  1037 2303  1011 2318  0933 2335  0857 2358  0835 0027  0842 0048
29  0911 0042  0941 0011  1001 2334  1018 2302  1034 2247  1044 2250  1036 2303  1010 2319  0931 2336  0856 2359  0835 0028  0843 0048
30  0912 0041             1001 2333  1019 2301  1035 2247  1044 2250  1036 2304  1008 2319  0930 2336  0855 0000  0835 0029  0843 0048
31  0913 0040             1002 2332             1035 2246             1035 2304  1007 2320             0854 0000             0844 0049

Back to form <javascript:history.go(-1)>

