             o  ,    o  ,                           KITT PEAK NATIONAL OBSERVATORY                     Astronomical Applications Dept.
Location: W111 36, N31 58                             Nautical Twilight for 2000                       U. S. Naval Observatory        
                                                                                                       Washington, DC  20392-5420     
                                                            Universal Time                                                            
                                                                                                                                      
                                                                                                                                      
       Jan.       Feb.       Mar.       Apr.       May        June       July       Aug.       Sept.      Oct.       Nov.       Dec.  
Day Begin End  Begin End  Begin End  Begin End  Begin End  Begin End  Begin End  Begin End  Begin End  Begin End  Begin End  Begin End
     h m  h m   h m  h m   h m  h m   h m  h m   h m  h m   h m  h m   h m  h m   h m  h m   h m  h m   h m  h m   h m  h m   h m  h m
01  1329 0130  1325 0154  1300 0217  1221 0239  1143 0304  1119 0329  1122 0339  1143 0322  1208 0245  1228 0205  1249 0131  1313 0119
02  1330 0130  1325 0155  1259 0217  1219 0240  1142 0304  1119 0330  1122 0339  1144 0321  1208 0244  1229 0203  1250 0130  1313 0119
03  1330 0131  1324 0156  1258 0218  1218 0241  1141 0305  1119 0330  1123 0339  1145 0320  1209 0243  1229 0202  1251 0130  1314 0119
04  1330 0132  1324 0157  1257 0219  1217 0242  1140 0306  1118 0331  1123 0339  1146 0319  1210 0241  1230 0201  1252 0129  1315 0119
05  1330 0132  1323 0157  1256 0220  1215 0242  1139 0307  1118 0332  1124 0338  1147 0318  1211 0240  1230 0159  1252 0128  1316 0119
06  1331 0133  1322 0158  1254 0220  1214 0243  1138 0308  1118 0332  1124 0338  1148 0317  1211 0239  1231 0158  1253 0127  1316 0119
07  1331 0134  1322 0159  1253 0221  1213 0244  1137 0309  1118 0333  1125 0338  1148 0316  1212 0237  1232 0157  1254 0127  1317 0119
08  1331 0135  1321 0200  1252 0222  1211 0245  1136 0310  1118 0333  1126 0338  1149 0315  1213 0236  1232 0156  1255 0126  1318 0119
09  1331 0135  1320 0201  1251 0223  1210 0245  1135 0310  1117 0334  1126 0337  1150 0314  1213 0234  1233 0155  1255 0125  1318 0119
10  1331 0136  1319 0201  1250 0223  1209 0246  1134 0311  1117 0334  1127 0337  1151 0313  1214 0233  1234 0153  1256 0125  1319 0120
11  1331 0137  1319 0202  1248 0224  1207 0247  1133 0312  1117 0335  1127 0337  1152 0312  1215 0232  1234 0152  1257 0124  1320 0120
12  1331 0138  1318 0203  1247 0225  1206 0248  1132 0313  1117 0335  1128 0336  1152 0311  1215 0230  1235 0151  1258 0124  1320 0120
13  1331 0138  1317 0204  1246 0225  1205 0249  1131 0314  1117 0336  1129 0336  1153 0310  1216 0229  1236 0150  1258 0123  1321 0120
14  1331 0139  1316 0205  1245 0226  1204 0249  1130 0315  1117 0336  1129 0335  1154 0308  1217 0227  1236 0149  1259 0123  1322 0121
15  1331 0140  1315 0205  1243 0227  1202 0250  1130 0316  1117 0336  1130 0335  1155 0307  1217 0226  1237 0148  1300 0122  1322 0121
16  1331 0141  1315 0206  1242 0228  1201 0251  1129 0316  1117 0337  1131 0334  1156 0306  1218 0225  1238 0146  1301 0122  1323 0121
17  1331 0142  1314 0207  1241 0228  1200 0252  1128 0317  1117 0337  1132 0334  1156 0305  1219 0223  1238 0145  1302 0121  1323 0122
18  1330 0142  1313 0208  1239 0229  1158 0253  1127 0318  1118 0338  1132 0333  1157 0304  1219 0222  1239 0144  1302 0121  1324 0122
19  1330 0143  1312 0208  1238 0230  1157 0253  1126 0319  1118 0338  1133 0332  1158 0302  1220 0221  1240 0143  1303 0121  1324 0123
20  1330 0144  1311 0209  1237 0230  1156 0254  1126 0320  1118 0338  1134 0332  1159 0301  1221 0219  1241 0142  1304 0120  1325 0123
21  1330 0145  1310 0210  1236 0231  1155 0255  1125 0321  1118 0338  1135 0331  1200 0300  1221 0218  1241 0141  1305 0120  1325 0124
22  1330 0146  1309 0211  1234 0232  1154 0256  1124 0321  1118 0338  1135 0330  1200 0259  1222 0216  1242 0140  1306 0120  1326 0124
23  1329 0147  1308 0212  1233 0233  1152 0257  1124 0322  1119 0339  1136 0330  1201 0257  1223 0215  1243 0139  1306 0120  1326 0125
24  1329 0147  1307 0212  1232 0233  1151 0258  1123 0323  1119 0339  1137 0329  1202 0256  1223 0214  1243 0138  1307 0119  1327 0125
25  1329 0148  1306 0213  1230 0234  1150 0258  1123 0324  1119 0339  1138 0328  1203 0255  1224 0212  1244 0137  1308 0119  1327 0126
26  1328 0149  1305 0214  1229 0235  1149 0259  1122 0325  1120 0339  1139 0327  1203 0253  1225 0211  1245 0136  1309 0119  1328 0126
27  1328 0150  1304 0214  1228 0236  1148 0300  1122 0325  1120 0339  1139 0327  1204 0252  1225 0210  1246 0135  1309 0119  1328 0127
28  1327 0151  1303 0215  1226 0236  1146 0301  1121 0326  1120 0339  1140 0326  1205 0251  1226 0208  1246 0134  1310 0119  1328 0128
29  1327 0152  1301 0216  1225 0237  1145 0302  1121 0327  1121 0339  1141 0325  1206 0249  1227 0207  1247 0134  1311 0119  1329 0128
30  1326 0152             1223 0238  1144 0303  1120 0328  1121 0339  1142 0324  1206 0248  1227 0206  1248 0133  1312 0119  1329 0129
31  1326 0153             1222 0238             1120 0328             1143 0323  1207 0247             1249 0132             1329 0129

Back to form <javascript:history.go(-1)>

