             o  ,    o  ,                               PINE BLUFF OBSERVATORY                         Astronomical Applications Dept.
Location: W089 40, N43 05                             Nautical Twilight for 2000                       U. S. Naval Observatory        
                                                                                                       Washington, DC  20392-5420     
                                                            Universal Time                                                            
                                                                                                                                      
                                                                                                                                      
       Jan.       Feb.       Mar.       Apr.       May        June       July       Aug.       Sept.      Oct.       Nov.       Dec.  
Day Begin End  Begin End  Begin End  Begin End  Begin End  Begin End  Begin End  Begin End  Begin End  Begin End  Begin End  Begin End
     h m  h m   h m  h m   h m  h m   h m  h m   h m  h m   h m  h m   h m  h m   h m  h m   h m  h m   h m  h m   h m  h m   h m  h m
01  1222 2342  1210 0013  1133 0049  1037 0127  0942 0209  0903 0250  0902 0303  0937 0233  1019 0139  1055 0042  1131 2353  1204 2332
02  1222 2343  1209 0015  1131 0050  1035 0128  0941 0210  0902 0251  0903 0303  0939 0232  1020 0137  1056 0040  1132 2352  1205 2332
03  1222 2344  1208 0016  1129 0051  1033 0130  0939 0211  0901 0252  0904 0302  0940 0230  1022 0135  1057 0039  1133 2351  1206 2332
04  1223 2345  1207 0017  1128 0052  1032 0131  0937 0213  0901 0253  0905 0302  0941 0229  1023 0133  1059 0037  1134 2350  1206 2332
05  1223 2345  1206 0018  1126 0054  1030 0132  0936 0214  0900 0254  0905 0301  0943 0227  1024 0131  1100 0035  1135 2349  1207 2331
06  1223 2346  1205 0020  1124 0055  1028 0134  0934 0216  0900 0255  0906 0301  0944 0225  1025 0129  1101 0033  1136 2348  1208 2331
07  1223 2347  1204 0021  1123 0056  1026 0135  0933 0217  0859 0256  0907 0300  0946 0224  1027 0127  1102 0032  1138 2347  1209 2331
08  1223 2348  1203 0022  1121 0057  1024 0136  0931 0219  0859 0256  0908 0300  0947 0222  1028 0125  1103 0030  1139 2346  1210 2332
09  1222 2349  1202 0023  1119 0058  1022 0138  0930 0220  0858 0257  0909 0259  0948 0220  1029 0123  1104 0028  1140 2345  1211 2332
10  1222 2350  1201 0024  1118 0100  1020 0139  0928 0222  0858 0258  0910 0258  0950 0219  1030 0121  1105 0027  1141 2344  1212 2332
11  1222 2351  1200 0026  1116 0101  1018 0140  0927 0223  0858 0259  0911 0258  0951 0217  1032 0120  1107 0025  1142 2343  1212 2332
12  1222 2352  1158 0027  1114 0102  1016 0142  0925 0224  0858 0259  0912 0257  0952 0215  1033 0118  1108 0023  1143 2342  1213 2332
13  1222 2353  1157 0028  1112 0103  1015 0143  0924 0226  0857 0300  0913 0256  0954 0214  1034 0116  1109 0022  1144 2341  1214 2332
14  1221 2354  1156 0029  1111 0105  1013 0145  0922 0227  0857 0301  0914 0255  0955 0212  1035 0114  1110 0020  1146 2340  1215 2333
15  1221 2355  1155 0030  1109 0106  1011 0146  0921 0229  0857 0301  0915 0254  0957 0210  1036 0112  1111 0018  1147 2340  1215 2333
16  1221 2356  1153 0032  1107 0107  1009 0147  0920 0230  0857 0302  0917 0253  0958 0208  1038 0110  1112 0017  1148 2339  1216 2333
17  1220 2357  1152 0033  1105 0108  1007 0149  0918 0231  0857 0302  0918 0252  0959 0207  1039 0108  1113 0015  1149 2338  1217 2334
18  1220 2359  1151 0034  1103 0109  1005 0150  0917 0233  0857 0302  0919 0251  1001 0205  1040 0106  1115 0014  1150 2337  1217 2334
19  1219 2359  1149 0035  1102 0111  1004 0152  0916 0234  0857 0303  0920 0250  1002 0203  1041 0104  1116 0012  1151 2337  1218 2334
20  1219 0000  1148 0037  1100 0112  1002 0153  0915 0235  0857 0303  0921 0249  1003 0201  1042 0102  1117 0011  1152 2336  1218 2335
21  1218 0001  1146 0038  1058 0113  1000 0154  0913 0237  0858 0303  0923 0248  1005 0159  1044 0100  1118 0009  1153 2336  1219 2335
22  1218 0002  1145 0039  1056 0114  0958 0156  0912 0238  0858 0303  0924 0247  1006 0158  1045 0059  1119 0008  1154 2335  1219 2336
23  1217 0003  1144 0040  1054 0116  0956 0157  0911 0239  0858 0304  0925 0246  1007 0156  1046 0057  1120 0006  1156 2335  1220 2336
24  1217 0004  1142 0041  1052 0117  0955 0159  0910 0241  0859 0304  0926 0244  1009 0154  1047 0055  1121 0005  1157 2334  1220 2337
25  1216 0005  1141 0043  1050 0118  0953 0200  0909 0242  0859 0304  0928 0243  1010 0152  1048 0053  1123 0003  1158 2334  1221 2338
26  1215 0006  1139 0044  1049 0119  0951 0201  0908 0243  0859 0304  0929 0242  1011 0150  1049 0051  1124 0002  1159 2333  1221 2338
27  1214 0008  1137 0045  1047 0121  0949 0203  0907 0244  0900 0304  0930 0240  1013 0148  1051 0049  1125 0001  1200 2333  1221 2339
28  1214 0009  1136 0046  1045 0122  0948 0204  0906 0245  0900 0303  0932 0239  1014 0146  1052 0048  1126 2358  1201 2333  1222 2340
29  1213 0010  1134 0047  1043 0123  0946 0206  0905 0247  0901 0303  0933 0238  1015 0144  1053 0046  1127 2357  1202 2332  1222 2340
30  1212 0011             1041 0125  0944 0207  0904 0248  0902 0303  0934 0236  1017 0143  1054 0044  1128 2356  1203 2332  1222 2341
31  1211 0012             1039 0126             0904 0249             0936 0235  1018 0141             1130 2354             1222 2342

Back to form <javascript:history.go(-1)>

