             o  ,    o  ,                               PINE BLUFF OBSERVATORY                         Astronomical Applications Dept.
Location: W089 40, N43 05                             Nautical Twilight for 2001                       U. S. Naval Observatory        
                                                                                                       Washington, DC  20392-5420     
                                                            Universal Time                                                            
                                                                                                                                      
                                                                                                                                      
       Jan.       Feb.       Mar.       Apr.       May        June       July       Aug.       Sept.      Oct.       Nov.       Dec.  
Day Begin End  Begin End  Begin End  Begin End  Begin End  Begin End  Begin End  Begin End  Begin End  Begin End  Begin End  Begin End
     h m  h m   h m  h m   h m  h m   h m  h m   h m  h m   h m  h m   h m  h m   h m  h m   h m  h m   h m  h m   h m  h m   h m  h m
01  1222 2343  1210 0014  1133 0048  1038 0127  0943 0208  0903 0250  0902 0303  0937 0234  1019 0139  1055 0043  1130 2354  1203 2332
02  1222 2344  1209 0016  1132 0050  1036 0128  0941 0210  0902 0251  0903 0303  0938 0232  1020 0137  1056 0041  1132 2352  1204 2332
03  1223 2344  1208 0017  1130 0051  1034 0129  0939 0211  0902 0252  0904 0302  0940 0231  1021 0135  1057 0039  1133 2351  1205 2332
04  1223 2345  1207 0018  1128 0052  1032 0131  0938 0213  0901 0253  0904 0302  0941 0229  1023 0133  1058 0037  1134 2350  1206 2332
05  1223 2346  1206 0019  1127 0053  1030 0132  0936 0214  0900 0254  0905 0301  0942 0227  1024 0132  1059 0035  1135 2349  1207 2331
06  1223 2347  1205 0020  1125 0054  1028 0133  0935 0215  0900 0255  0906 0301  0944 0226  1025 0130  1101 0034  1136 2348  1208 2331
07  1223 2348  1203 0022  1123 0056  1026 0135  0933 0217  0859 0255  0907 0300  0945 0224  1026 0128  1102 0032  1137 2347  1209 2331
08  1222 2349  1202 0023  1121 0057  1024 0136  0931 0218  0859 0256  0908 0300  0947 0223  1028 0126  1103 0030  1139 2346  1210 2332
09  1222 2350  1201 0024  1120 0058  1023 0137  0930 0220  0859 0257  0909 0259  0948 0221  1029 0124  1104 0029  1140 2345  1211 2332
10  1222 2351  1200 0025  1118 0059  1021 0139  0928 0221  0858 0258  0910 0258  0949 0219  1030 0122  1105 0027  1141 2344  1211 2332
11  1222 2352  1159 0026  1116 0101  1019 0140  0927 0223  0858 0258  0911 0258  0951 0218  1031 0120  1106 0025  1142 2343  1212 2332
12  1222 2353  1158 0028  1115 0102  1017 0141  0926 0224  0858 0259  0912 0257  0952 0216  1033 0118  1107 0024  1143 2342  1213 2332
13  1221 2354  1156 0029  1113 0103  1015 0143  0924 0225  0857 0300  0913 0256  0953 0214  1034 0116  1109 0022  1144 2341  1214 2332
14  1221 2355  1155 0030  1111 0104  1013 0144  0923 0227  0857 0300  0914 0255  0955 0212  1035 0114  1110 0020  1145 2341  1214 2333
15  1221 2356  1154 0031  1109 0105  1011 0146  0921 0228  0857 0301  0915 0254  0956 0211  1036 0112  1111 0019  1146 2340  1215 2333
16  1220 2357  1152 0033  1107 0107  1009 0147  0920 0230  0857 0301  0916 0253  0958 0209  1037 0110  1112 0017  1148 2339  1216 2333
17  1220 2358  1151 0034  1106 0108  1008 0148  0919 0231  0857 0302  0917 0252  0959 0207  1039 0109  1113 0016  1149 2338  1216 2333
18  1219 2359  1150 0035  1104 0109  1006 0150  0917 0232  0857 0302  0919 0251  1000 0205  1040 0107  1114 0014  1150 2338  1217 2334
19  1219 2359  1148 0036  1102 0110  1004 0151  0916 0234  0857 0303  0920 0250  1002 0203  1041 0105  1115 0013  1151 2337  1218 2334
20  1218 0000  1147 0037  1100 0112  1002 0153  0915 0235  0857 0303  0921 0249  1003 0202  1042 0103  1117 0011  1152 2336  1218 2335
21  1218 0002  1145 0039  1058 0113  1000 0154  0914 0236  0858 0303  0922 0248  1004 0200  1043 0101  1118 0010  1153 2336  1219 2335
22  1217 0003  1144 0040  1056 0114  0959 0155  0912 0238  0858 0303  0924 0247  1006 0158  1044 0059  1119 0008  1154 2335  1219 2336
23  1217 0004  1142 0041  1055 0115  0957 0157  0911 0239  0858 0304  0925 0246  1007 0156  1046 0057  1120 0007  1155 2335  1220 2336
24  1216 0005  1141 0042  1053 0117  0955 0158  0910 0240  0859 0304  0926 0245  1008 0154  1047 0055  1121 0005  1156 2334  1220 2337
25  1215 0006  1139 0044  1051 0118  0953 0200  0909 0242  0859 0304  0927 0243  1010 0152  1048 0054  1122 0004  1157 2334  1220 2337
26  1215 0007  1138 0045  1049 0119  0951 0201  0908 0243  0859 0304  0929 0242  1011 0151  1049 0052  1124 0002  1158 2333  1221 2338
27  1214 0008  1136 0046  1047 0120  0950 0202  0907 0244  0900 0304  0930 0241  1012 0149  1050 0050  1125 0001  1159 2333  1221 2339
28  1213 0010  1135 0047  1045 0122  0948 0204  0906 0245  0900 0304  0931 0239  1014 0147  1051 0048  1126 0000  1200 2333  1221 2339
29  1212 0011             1043 0123  0946 0205  0905 0246  0901 0303  0933 0238  1015 0145  1053 0046  1127 2357  1201 2332  1222 2340
30  1211 0012             1042 0124  0945 0207  0905 0248  0902 0303  0934 0236  1016 0143  1054 0044  1128 2356  1202 2332  1222 2341
31  1210 0013             1040 0126             0904 0249             0936 0235  1018 0141             1129 2355             1222 2342

Back to form <javascript:history.go(-1)>

